testcase, useOMP(1/0), size, time, treadsnum
0, 1, 200, 0.049880, 1
0, 0, 200, 0.049264, 1
0, 1, 200, 0.025290, 2
0, 0, 200, 0.048863, 1
0, 1, 200, 0.034716, 3
0, 0, 200, 0.049354, 1
0, 1, 200, 0.034245, 4
0, 0, 200, 0.049030, 1
0, 1, 200, 0.026036, 5
0, 0, 200, 0.049315, 1
0, 1, 200, 0.026124, 6
0, 0, 200, 0.049161, 1
0, 1, 200, 0.027785, 7
0, 0, 200, 0.050961, 1
0, 1, 200, 0.029058, 8
0, 0, 200, 0.049264, 1
1, 1, 200, 0.049460, 1
1, 0, 200, 0.049036, 1
1, 1, 200, 0.046276, 2
1, 0, 200, 0.067005, 1
1, 1, 200, 0.034539, 3
1, 0, 200, 0.048893, 1
1, 1, 200, 0.026053, 4
1, 0, 200, 0.049560, 1
1, 1, 200, 0.026663, 5
1, 0, 200, 0.049491, 1
1, 1, 200, 0.026893, 6
1, 0, 200, 0.049130, 1
1, 1, 200, 0.029116, 7
1, 0, 200, 0.049144, 1
1, 1, 200, 0.025990, 8
